13
4
245
822 116 115 652 618 464 652 652 728 973 879 65 973 464 131 652 537 973 11 757 618 113 618 750 464 822 822 113 728 537 618 212 879 131 11 822 115 65 113 212 728 652 822 716 822 115 11 671 618 65 973 757 116 750 716 716 879 973 750 11 116 973 212 652 131 11 652 116 116 822 973 728 728 537 973 716 652 537 618 464 618 618 464 716 750 116 757 131 131 750 757 716 115 537 728 116 65 212 537 652 212 65 757 716 879 113 750 671 618 973 113 116 212 757 716 671 716 750 652 652 822 113 115 757 822 973 537 537 537 750 750 65 11 131 879 671 537 131 973 65 464 113 131 537 728 757 113 116 728 750 11 131 11 879 115 757 537 757 11 537 537 652 65 537 618 116 537 973 879 113 822 973 757 116 131 65 11 212 750 131 822 757 65 464 750 113 65 116 728 464 116 716 537 973 652 131 716 113 113 11 728 652 822 671 212 879 750 464 537 716 131 618 973 822 464 537 750 716 757 973 822 757 822 113 716 652 716 716 973 537 728 65 822 822 11 618 750 879 750 464 116 652 115 671 879 
245
181 840 303 290 598 631 290 290 985 570 554 953 570 631 245 290 755 570 430 200 598 369 598 721 631 181 181 369 985 755 598 282 554 245 430 181 303 953 369 282 985 290 181 37 181 303 430 744 598 953 570 200 840 721 37 37 554 570 721 430 840 570 282 290 245 430 290 840 840 181 570 985 985 755 570 37 290 755 598 631 598 598 631 37 721 840 200 245 245 721 200 37 303 755 985 840 953 282 755 290 282 953 200 37 554 369 721 744 598 570 369 840 282 200 37 744 37 721 290 290 181 369 303 200 181 570 755 755 755 721 721 953 430 245 554 744 755 245 570 953 631 369 245 755 985 200 369 840 985 721 430 245 430 554 303 200 755 200 430 755 755 290 953 755 598 840 755 570 554 369 181 570 200 840 245 953 430 282 721 245 181 200 953 631 721 369 953 840 985 631 840 37 755 570 290 245 37 369 369 430 985 290 181 744 282 554 721 631 755 37 245 598 570 181 631 755 721 37 200 570 181 200 181 369 37 290 37 37 570 755 985 953 181 181 430 598 721 554 721 631 840 290 303 744 554 
245
0 0 0 1 1 1 2 2 2 3 3 3 4 4 4 5 5 5 6 6 6 7 7 7 8 8 8 9 9 9 10 10 10 11 11 11 12 12 12 13 13 13 14 14 14 15 15 15 16 16 16 17 17 17 18 19 19 19 20 20 20 21 21 21 22 22 23 23 23 24 24 24 25 25 25 26 26 26 27 27 27 28 28 28 29 29 29 30 30 30 31 31 31 32 32 32 33 33 33 34 34 35 35 36 36 36 37 37 37 38 38 38 39 39 39 40 40 40 41 41 41 42 42 42 43 43 43 44 44 44 45 45 45 46 46 46 47 47 48 48 48 49 49 50 50 50 51 51 51 52 52 53 53 53 54 54 54 55 55 55 56 57 57 57 58 58 58 59 59 59 60 60 60 61 61 61 62 62 62 63 63 63 64 64 64 65 65 65 66 66 66 67 67 67 68 68 68 69 69 69 70 70 70 71 71 71 72 72 72 73 73 73 74 74 74 75 75 75 76 76 76 77 77 77 78 78 78 79 79 79 80 80 80 81 81 81 82 82 82 83 83 83 84 84 84 
245
5 5 7 2 6 7 6 7 2 3 7 6 4 4 5 4 5 3 3 9 3 6 6 5 6 6 1 5 3 9 1 2 5 4 4 4 6 4 2 9 8 3 4 1 6 7 2 7 6 5 3 2 4 6 4 7 2 3 4 6 3 3 7 2 5 6 3 3 7 3 5 3 5 4 7 5 9 7 6 4 6 3 4 7 3 3 1 3 3 5 7 7 6 3 2 1 5 6 2 1 2 3 6 8 2 8 5 5 6 3 3 2 3 6 2 2 4 6 10 5 3 4 5 5 12 7 8 2 6 4 4 5 2 5 5 8 2 3 4 6 3 3 2 8 5 1 3 10 7 3 2 5 3 5 9 1 4 9 4 4 3 7 3 5 4 4 5 5 5 3 2 3 5 1 5 7 8 3 8 3 4 2 3 4 5 6 2 4 6 6 5 2 2 3 4 5 6 6 1 4 7 3 4 3 2 2 2 5 3 2 1 6 4 6 7 2 5 4 4 3 3 3 3 3 2 4 4 7 3 7 4 1 6 5 5 7 7 3 3 11 5 2 3 5 7 
898
809 42 432 761 171 207 145 407 450 240 181 119 775 110 933 347 326 683 812 133 194 154 421 580 205 800 525 60 298 140 765 628 616 869 975 731 465 784 210 995 553 565 369 260 702 737 238 409 656 758 225 419 887 603 956 626 170 159 406 324 459 686 690 272 186 329 647 371 114 688 22 117 29 709 930 348 829 500 67 643 211 526 500 374 895 72 553 750 733 901 32 134 571 620 40 540 68 529 970 63 111 291 650 446 445 587 189 81 573 899 440 398 996 863 214 505 191 892 0 892 813 223 945 737 983 491 443 576 65 742 259 972 946 355 455 6 229 881 591 335 379 343 247 91 380 145 293 831 290 886 82 345 87 285 636 756 730 781 368 77 17 375 751 883 509 400 39 192 547 460 902 597 670 934 209 150 854 875 974 212 35 52 407 374 123 180 283 976 345 210 619 585 435 968 410 976 558 278 472 454 298 979 304 188 674 488 710 697 148 793 199 247 290 447 415 40 745 474 960 255 249 279 849 564 305 354 593 63 784 358 118 600 852 84 743 598 400 108 416 94 953 5 800 31 381 843 127 17 383 880 688 436 609 932 810 784 541 123 90 454 746 763 971 140 582 621 950 896 864 986 478 465 850 657 876 638 860 190 243 50 782 786 770 546 12 759 2 739 403 35 820 177 406 913 688 182 17 409 497 399 705 66 458 9 351 394 594 505 183 166 631 451 150 693 996 549 28 68 789 430 665 994 22 120 303 470 211 510 479 834 550 402 9 399 625 36 282 547 988 96 897 128 558 137 485 852 161 157 824 93 419 879 835 825 551 986 488 47 909 477 151 173 359 138 373 333 993 909 385 989 68 416 269 730 146 334 269 429 278 104 334 757 474 328 608 55 960 821 915 751 824 6 11 247 232 86 421 855 404 245 445 424 52 8 391 56 532 390 228 344 116 839 264 306 384 82 207 676 16 856 640 358 39 241 112 617 160 169 854 458 256 972 243 804 717 865 32 35 38 909 277 704 828 746 924 541 830 279 669 516 196 384 221 746 326 636 348 994 297 10 401 726 828 302 690 852 515 589 156 761 174 384 377 51 34 301 255 753 641 196 129 619 71 294 118 994 432 135 560 708 519 506 728 371 629 117 923 277 128 912 932 16 659 663 35 457 868 423 277 589 36 637 394 222 158 777 512 20 234 473 424 777 615 473 133 892 495 767 619 47 151 580 201 837 563 647 205 245 832 592 565 442 435 106 794 806 379 470 210 682 195 171 313 246 932 959 329 842 126 873 684 871 823 943 578 831 482 485 286 443 321 818 880 408 134 578 884 60 859 722 601 423 405 738 35 317 990 42 673 310 980 234 457 218 533 219 65 325 418 552 911 590 568 926 405 163 443 619 837 760 550 534 317 962 94 625 105 592 464 321 295 135 325 869 618 443 854 176 402 116 511 136 943 639 603 858 950 273 594 480 868 443 440 261 657 477 741 904 9 258 612 222 757 231 737 959 370 238 579 266 28 837 664 283 275 477 53 96 976 403 827 614 203 283 332 405 652 820 705 842 815 5 107 237 271 204 44 521 433 302 991 568 690 114 650 398 654 987 730 318 545 536 74 84 99 716 230 241 570 214 730 29 977 263 517 976 707 357 377 875 808 427 280 551 961 377 212 393 669 211 37 897 4 820 849 504 213 859 331 543 218 24 518 595 718 692 35 94 562 434 203 840 22 26 854 127 505 949 925 521 423 530 951 133 129 859 841 548 271 798 299 456 390 441 21 245 685 105 721 202 386 195 909 495 968 426 476 696 138 501 985 217 489 457 873 736 18 665 316 223 360 164 953 839 264 947 516 21 398 454 845 238 655 327 911 974 216 613 614 289 324 403 325 575 570 946 280 488 677 980 8 758 255 138 540 207 279 777 625 625 642 441 217 84 41 481 426 304 383 976 382 503 900 914 404 2 130 22 571 860 67 409 553 301 631 52 630 784 203 326 131 991 557 934 905 718 130 777 565 619 148 238 838 137 891 1 43 292 883 906 228 121 76 703 862 872 671 435 
898
256 722 788 133 809 532 85 887 243 244 190 203 156 448 198 444 980 257 53 639 757 329 127 917 722 201 677 479 692 175 509 249 365 365 826 897 289 560 559 517 940 990 693 592 630 976 341 595 120 388 925 753 23 826 987 424 577 786 867 874 685 13 616 692 795 31 770 425 77 235 856 637 674 564 401 835 122 351 742 987 247 871 602 705 616 936 390 351 116 851 295 327 703 522 671 69 933 254 382 38 21 29 332 680 473 797 515 705 95 93 496 766 831 62 95 954 203 941 894 879 188 896 936 659 529 907 777 605 838 784 755 700 450 588 674 18 865 778 68 270 987 994 216 60 325 704 467 811 223 910 70 784 855 344 392 417 428 768 373 94 249 264 108 513 682 518 148 301 732 648 863 281 448 242 677 141 156 73 521 256 604 465 566 170 288 306 44 809 218 323 793 679 601 178 250 554 821 218 424 392 711 421 592 894 687 250 730 451 531 161 174 911 888 447 542 513 758 265 43 671 213 89 725 72 735 456 903 76 691 432 94 128 959 758 556 351 448 492 532 353 689 249 842 158 126 41 876 271 450 657 388 490 105 526 716 389 730 544 513 742 698 535 627 712 149 596 731 287 180 131 815 412 981 272 464 657 285 677 889 855 747 176 341 944 630 650 968 538 36 162 547 715 398 685 847 153 186 736 300 971 302 993 638 2 99 238 8 727 491 474 849 668 317 444 676 395 537 519 444 21 665 229 743 958 222 889 498 250 890 534 259 609 855 567 183 764 485 227 53 992 514 826 13 495 515 759 331 3 514 320 259 761 570 387 941 399 935 47 34 139 304 15 487 955 473 503 842 74 78 215 168 23 76 641 75 229 255 24 684 109 198 133 105 270 71 313 72 948 276 240 731 916 757 399 919 658 623 867 896 597 402 311 959 276 801 337 163 255 355 18 252 230 606 414 62 399 961 622 109 409 912 920 659 1000 602 107 806 31 534 29 356 903 464 686 119 711 315 181 379 911 465 562 685 931 556 519 433 486 14 286 214 328 295 508 825 472 780 840 834 842 980 255 183 639 928 782 485 52 445 187 862 516 427 452 643 659 890 651 710 48 730 300 17 747 805 460 452 239 18 454 850 198 306 234 260 627 832 71 133 358 827 576 576 43 621 267 570 539 164 23 635 340 408 168 950 694 420 246 19 624 230 600 834 387 174 180 964 233 338 917 410 902 773 780 96 243 527 776 848 3 205 560 428 70 323 106 742 170 23 731 685 272 908 104 723 249 726 211 286 30 828 389 527 984 250 15 574 346 578 490 888 475 569 727 30 712 634 809 33 815 553 422 742 143 120 933 962 65 769 233 808 300 69 474 53 508 752 216 70 473 802 335 777 676 609 467 729 307 909 326 570 824 793 966 818 736 367 463 848 892 1 404 398 884 623 979 867 435 582 612 947 377 491 339 664 101 998 213 185 965 133 942 847 640 135 509 850 922 389 305 584 12 150 425 514 575 103 764 519 392 701 537 487 831 446 858 268 619 946 270 174 873 108 287 602 439 444 27 847 588 402 164 702 142 873 644 799 475 43 838 213 249 64 774 214 844 261 358 377 234 159 157 841 704 190 852 22 145 178 912 870 848 814 937 557 234 245 848 659 757 825 521 36 325 909 549 852 247 491 548 225 52 365 996 870 353 691 934 722 890 598 48 77 145 568 235 638 62 416 374 347 931 421 339 814 708 5 411 637 708 28 600 893 329 60 163 984 522 287 670 814 235 186 849 207 741 570 333 879 66 514 45 621 968 532 756 352 559 796 485 744 448 27 686 493 964 767 822 974 837 349 293 949 376 667 673 935 615 419 197 773 365 681 64 896 645 93 36 641 101 258 887 318 986 491 775 906 126 290 690 820 205 606 621 2 653 579 96 464 936 981 422 318 185 383 247 211 392 462 733 36 493 399 211 497 674 811 605 200 690 3 945 887 183 690 868 688 54 877 470 845 979 706 146 848 899 663 816 347 460 475 768 887 541 9 538 667 343 289 684 511 293 469 538 510 806 513 93 
898
6 40 57 40 23 25 72 0 61 12 0 7 17 44 28 74 25 46 10 26 50 50 41 11 3 0 46 41 4 2 2 3 26 20 44 26 14 81 30 6 28 26 9 2 5 36 42 62 79 81 33 65 37 68 1 68 32 12 16 39 67 29 66 53 25 73 18 69 14 37 72 82 69 77 11 83 72 2 4 80 34 29 79 84 61 37 15 13 19 35 31 16 0 84 13 69 42 63 50 82 76 25 46 55 75 8 9 53 52 21 83 67 16 44 62 1 41 1 57 1 6 76 50 3 34 47 54 48 11 78 12 68 66 33 77 9 28 81 2 26 64 12 24 62 36 75 22 17 64 20 58 43 46 46 43 12 55 62 26 54 74 17 29 15 75 23 15 81 3 74 42 26 12 62 83 2 7 51 9 65 82 73 74 21 68 59 80 22 70 76 55 57 47 83 27 70 13 14 1 69 3 15 35 38 18 20 61 25 1 3 4 54 16 10 51 3 0 68 12 77 15 25 62 27 3 11 26 1 55 17 23 81 42 14 67 81 59 31 1 10 71 30 48 26 53 62 84 36 80 61 64 52 43 73 45 49 17 79 51 58 45 65 70 61 33 80 45 13 62 6 82 7 47 79 50 41 63 24 39 32 41 4 51 83 74 42 76 55 42 17 9 41 57 16 27 66 82 67 27 16 17 80 55 84 57 3 71 39 28 84 7 31 50 37 36 41 1 6 22 40 23 23 3 66 8 38 37 55 38 57 64 25 61 72 67 37 79 11 70 63 7 46 8 6 1 30 45 77 18 44 51 37 66 40 51 83 35 40 11 64 20 78 60 79 21 19 30 28 49 53 58 2 55 81 15 35 83 25 9 62 58 46 43 39 70 21 65 74 6 31 43 33 68 25 43 36 27 75 13 7 5 55 44 15 57 75 8 1 43 47 53 65 15 44 23 53 74 14 35 11 48 51 24 23 7 6 51 43 19 31 79 34 23 82 10 31 66 80 5 42 1 51 28 70 24 66 19 44 45 25 55 45 69 53 76 66 43 64 40 69 81 83 43 16 64 16 46 13 7 84 69 62 31 32 40 21 28 64 77 19 38 75 9 30 38 50 76 73 36 36 0 20 41 5 58 46 46 36 5 78 66 26 7 0 81 46 42 4 43 1 20 57 6 56 24 11 7 9 45 53 58 40 0 19 15 78 21 6 22 83 39 72 17 27 5 62 37 48 54 2 2 21 8 55 27 52 25 48 59 48 36 29 9 44 74 14 33 7 5 62 59 77 72 3 59 26 9 71 45 14 33 74 6 73 60 13 76 22 38 36 39 65 13 31 43 63 57 8 10 11 2 62 2 66 20 33 28 75 28 79 14 37 60 28 15 32 23 69 9 31 53 78 0 68 49 25 46 26 51 50 2 63 61 54 84 71 27 0 12 59 64 15 68 72 56 8 59 20 1 37 3 26 3 74 41 79 19 23 61 9 29 54 53 66 50 41 61 25 30 54 9 43 59 3 17 55 3 4 13 14 0 74 9 2 82 24 45 32 78 68 51 84 31 22 24 16 73 33 62 63 52 83 28 75 79 46 15 82 78 10 49 50 7 62 74 43 56 46 78 45 65 8 64 70 54 61 50 66 43 61 48 24 79 51 69 27 31 5 21 75 57 29 58 26 39 4 78 4 54 50 30 6 84 57 31 60 49 0 31 5 73 71 37 64 66 60 81 22 66 19 83 77 36 37 23 30 37 37 44 42 36 35 37 68 43 84 83 83 5 68 48 70 26 19 68 41 83 6 58 58 73 36 13 81 35 41 4 55 73 62 74 51 0 57 38 48 2 30 32 50 26 81 68 51 70 58 37 42 72 31 79 5 23 20 13 70 25 43 21 62 26 43 83 28 80 82 65 74 22 57 47 27 71 25 20 39 9 13 17 4 68 58 40 82 4 9 41 74 60 72 27 27 39 19 12 84 13 3 54 84 20 17 80 60 18 41 1 24 11 33 20 21 15 11 7 16 54 9 8 11 54 40 77 50 59 16 71 13 
